84,5
84,4
84,3
84,2
84,1
84,0
0,531
83,4
83,3
83,2
83,1
83,0
82,5
0,530
0,529
82,4
82,3
82,2
82,1
82,0
0,528
81,3
81,2
0,527
81,1
81,0
80,4
80,3
80,2
80,1
80,0
79,4
79,3
79,2
79,1
79,0
78,5
78,4
78,3
78,2
78,1
78,0
77,5
77,4
77,3
77,2
0,526
77,1
77,0
76,4
76,3
76,2
76,1
76,0
75,4
75,3
75,2
75,1
75,0
0,525
74,4
74,3
74,2
74,1
74,0
0,524
73,3
73,2
73,1
73,0
72,4
72,3
72,2
0,523
72,1
72,0
0,522
0,521
71,4
71,3
71,2
71,1
71,0
70,4
70,3
70,2
70,1
70,0
69,4
69,3
69,2
69,1
69,0
68,4
68,3
68,2
68,1
68,0
67,3
67,2
67,1
67,0
66,5
66,4
66,3
66,2
66,1
66,0
65,6
0,520
65,5
65,4
65,3
65,2
65,1
65,0
0,519
0,518
64,4
64,3
64,2
64,1
64,0
0,517
63,4
63,3
63,2
0,516
63,1
63,0
0,515
62,5
62,4
62,3
62,2
62,1
62,0
61,5
61,4
61,3
61,2
61,1
61,0
60,6
60,5
60,4
60,3
60,2
60,1
60,0
59,5
59,4
59,3
59,2
59,1
59,0
14,5
14,4
58,4
58,3
58,2
58,1
58,0
57,3
57,2
57,1
57,0
0,514
0,513
0,512
56,5
56,4
56,3
56,2
0,511
56,1
56,0
0,510
0,509
0,508
0,507
0,506
55,4
55,3
55,2
55,1
55,0
0,505
0,504
0,503
0,502
0,501
54,4
54,3
54,2
54,1
54,0
53,5
53,4
53,3
53,2
